2,0,0,1,1,1,2,10,0.5,1,1,1,0,0,0,1,1,1,0,10,0,1,1,1,
1,1,0,0.9,1,1,1,1,0,0.9,1,1,
1,1,0,0.9,1.1,1,1,1,0,0.9,1.1,1,
1,1,1,0.9,1.1,1,1,1,0,0.9,1.21,1,
1,1,-1,0.9,1.1,1,1,1,0,0.9,1.331,1,
1.9,1,0,0.9,1.1,0.9,1,1,1,0.9,1.331,1,
0.1,1,0,0.9,1.1,0.9,1,1,-1,0.9,1.331,1,
1,2.1,0,0.81,1.1,0.9,1.9,1,0,0.9,1.331,0.9,
1,-0.1,0,0.81,1.1,0.9,0.1,1,0,0.9,1.331,0.9,
1,1,0.9,0.81,0.99,0.9,0.1,1,0,0.99,1.331,0.9,
1,1,-0.9,0.81,0.99,0.9,0.1,2.331,0,0.99,1.331,0.9,
1.81,1,0,0.81,0.99,0.81,0.1,-0.331,0,0.99,1.331,0.9,
0.19,1,0,0.81,0.99,0.81,0.1,-0.331,0,0.99,1.4641,0.9,
1,1.99,0,0.729,0.99,0.81,0.1,-0.331,0,0.99,1.61051,0.9,
1,0.01,0,0.729,0.99,0.81,0.1,-0.331,0.9,0.99,1.61051,0.9,
1,1,0.81,0.729,0.891,0.81,0.1,-0.331,-0.9,0.99,1.61051,0.9,
1,1,-0.81,0.729,0.891,0.81,1.09,-0.331,0,0.99,1.61051,0.81,
1.729,1,0,0.729,0.891,0.729,-0.89,-0.331,0,0.99,1.61051,0.81,
0.271,1,0,0.729,0.891,0.729,0.1,1.27951,0,0.891,1.61051,0.81,
1,1.891,0,0.6561,0.891,0.729,0.1,-1.94151,0,0.891,1.61051,0.81,
1,0.109,0,0.6561,0.891,0.729,0.1,-0.331,0.81,0.891,1.44946,0.81,
1,1,0.729,0.6561,0.8019,0.729,0.1,-0.331,-0.81,0.891,1.44946,0.81,
1,1,-0.729,0.6561,0.8019,0.729,0.991,-0.331,0,0.891,1.44946,0.729,
1.6561,1,0,0.6561,0.8019,0.6561,-0.791,-0.331,0,0.891,1.44946,0.729,
0.3439,1,0,0.6561,0.8019,0.6561,0.1,1.11846,0,0.8019,1.44946,0.729,
1,1.8019,0,0.59049,0.8019,0.6561,0.1,-1.78046,0,0.8019,1.44946,0.729,
1,0.1981,0,0.59049,0.8019,0.6561,0.1,-0.331,0.729,0.8019,1.30451,0.729,
1,1,0.6561,0.59049,0.72171,0.6561,0.1,-0.331,-0.729,0.8019,1.30451,0.729,
1,1,-0.6561,0.59049,0.72171,0.6561,0.9019,-0.331,0,0.8019,1.30451,0.6561,
1.59049,1,0,0.59049,0.72171,0.59049,-0.7019,-0.331,0,0.8019,1.30451,0.6561,
0.40951,1,0,0.59049,0.72171,0.59049,0.1,0.973513,0,0.72171,1.30451,0.6561,
1,1.72171,0,0.531441,0.72171,0.59049,0.1,-1.63551,0,0.72171,1.30451,0.6561,
1,0.27829,0,0.531441,0.72171,0.59049,0.1,-0.331,0.6561,0.72171,1.17406,0.6561,
1,1,0.59049,0.531441,0.649539,0.59049,0.1,-0.331,-0.6561,0.72171,1.17406,0.6561,
1,1,-0.59049,0.531441,0.649539,0.59049,0.82171,-0.331,0,0.72171,1.17406,0.59049,
1.53144,1,0,0.531441,0.649539,0.531441,-0.62171,-0.331,0,0.72171,1.17406,0.59049,
0.468559,1,0,0.531441,0.649539,0.531441,0.1,0.843062,0,0.649539,1.17406,0.59049,
1,1.64954,0,0.478297,0.649539,0.531441,0.1,-1.50506,0,0.649539,1.17406,0.59049,
1,0.350461,0,0.478297,0.649539,0.531441,0.1,-0.331,0.59049,0.649539,1.05666,0.59049,
1,1,0.531441,0.478297,0.584585,0.531441,0.1,-0.331,-0.59049,0.649539,1.05666,0.59049,
1,1,-0.531441,0.478297,0.584585,0.531441,0.749539,-0.331,0,0.649539,1.05666,0.531441,
1.4783,1,0,0.478297,0.584585,0.478297,-0.549539,-0.331,0,0.649539,1.05666,0.531441,
0.521703,1,0,0.478297,0.584585,0.478297,0.1,0.725656,0,0.584585,1.05666,0.531441,
1,1.58459,0,0.430467,0.584585,0.478297,0.1,0.725656,0,0.584585,1.16232,0.531441,
1,0.415415,0,0.430467,0.584585,0.478297,0.1,0.725656,0.531441,0.584585,1.16232,0.531441,
1,1,0.478297,0.430467,0.526127,0.478297,0.1,0.725656,-0.531441,0.584585,1.16232,0.531441,
1,1,-0.478297,0.430467,0.526127,0.478297,0.684585,0.725656,0,0.584585,1.16232,0.478297,
1.43047,1,0,0.430467,0.526127,0.430467,-0.484585,0.725656,0,0.584585,1.16232,0.478297,
0.569533,1,0,0.430467,0.526127,0.430467,0.1,1.88798,0,0.526127,1.16232,0.478297,
1,1.52613,0,0.38742,0.526127,0.430467,0.1,-0.436666,0,0.526127,1.16232,0.478297,
1,0.473873,0,0.38742,0.526127,0.430467,0.1,0.725656,0.478297,0.526127,1.04609,0.478297,
1,1,0.430467,0.38742,0.473514,0.430467,0.1,0.725656,-0.478297,0.526127,1.04609,0.478297,
1,1,-0.430467,0.38742,0.473514,0.430467,0.626127,0.725656,0,0.526127,1.04609,0.430467,
1.38742,1,0,0.38742,0.473514,0.38742,-0.426127,0.725656,0,0.526127,1.04609,0.430467,
0.61258,1,0,0.38742,0.473514,0.38742,0.1,1.77174,0,0.473514,1.04609,0.430467,
1,1.47351,0,0.348678,0.473514,0.38742,0.1,-0.320433,0,0.473514,1.04609,0.430467,
1,0.526486,0,0.348678,0.473514,0.38742,0.1,-0.320433,0,0.473514,1.1507,0.430467,
1,1,0.38742,0.348678,0.426163,0.38742,0.1,-0.320433,0,0.473514,1.26577,0.430467,
1,1,-0.38742,0.348678,0.426163,0.38742,0.1,-0.320433,0.430467,0.473514,1.26577,0.430467,
1.34868,1,0,0.348678,0.426163,0.348678,0.1,-0.320433,-0.430467,0.473514,1.26577,0.430467,
0.651322,1,0,0.348678,0.426163,0.348678,0.573514,-0.320433,0,0.473514,1.26577,0.38742,
1,1.42616,0,0.313811,0.426163,0.348678,-0.373514,-0.320433,0,0.473514,1.26577,0.38742,
1,0.573837,0,0.313811,0.426163,0.348678,0.1,0.945334,0,0.426163,1.26577,0.38742,
1,1,0.348678,0.313811,0.383546,0.348678,0.1,-1.5862,0,0.426163,1.26577,0.38742,
1,1,-0.348678,0.313811,0.383546,0.348678,0.1,-0.320433,0.38742,0.426163,1.13919,0.38742,
1.31381,1,0,0.313811,0.383546,0.313811,0.1,-0.320433,-0.38742,0.426163,1.13919,0.38742,
0.686189,1,0,0.313811,0.383546,0.313811,0.526163,-0.320433,0,0.426163,1.13919,0.348678,
1,1.38355,0,0.28243,0.383546,0.313811,-0.326163,-0.320433,0,0.426163,1.13919,0.348678,
1,0.616454,0,0.28243,0.383546,0.313811,0.1,0.818758,0,0.383546,1.13919,0.348678,
1,1,0.313811,0.28243,0.345192,0.313811,0.1,-1.45962,0,0.383546,1.13919,0.348678,
1,1,-0.313811,0.28243,0.345192,0.313811,0.1,-0.320433,0.348678,0.383546,1.02527,0.348678,
1.28243,1,0,0.28243,0.345192,0.28243,0.1,-0.320433,-0.348678,0.383546,1.02527,0.348678,
0.71757,1,0,0.28243,0.345192,0.28243,0.483546,-0.320433,0,0.383546,1.02527,0.313811,
1,1.34519,0,0.254187,0.345192,0.28243,-0.283546,-0.320433,0,0.383546,1.02527,0.313811,
1,0.654808,0,0.254187,0.345192,0.28243,0.1,0.704838,0,0.345192,1.02527,0.313811,
1,1,0.28243,0.254187,0.310672,0.28243,0.1,-1.34571,0,0.345192,1.02527,0.313811,
1,1,-0.28243,0.254187,0.310672,0.28243,0.1,-0.320433,0.313811,0.345192,0.922745,0.313811,
1.25419,1,0,0.254187,0.310672,0.254187,0.1,-0.320433,-0.313811,0.345192,0.922745,0.313811,
0.745813,1,0,0.254187,0.310672,0.254187,0.445192,-0.320433,0,0.345192,0.922745,0.28243,
1,1.31067,0,0.228768,0.310672,0.254187,-0.245192,-0.320433,0,0.345192,0.922745,0.28243,
1,0.689328,0,0.228768,0.310672,0.254187,0.1,0.602311,0,0.310672,0.922745,0.28243,
1,1,0.254187,0.228768,0.279605,0.254187,0.1,-1.24318,0,0.310672,0.922745,0.28243,
1,1,-0.254187,0.228768,0.279605,0.254187,0.1,-0.320433,0.28243,0.310672,0.83047,0.28243,
1.22877,1,0,0.228768,0.279605,0.228768,0.1,-0.320433,-0.28243,0.310672,0.83047,0.28243,
0.771232,1,0,0.228768,0.279605,0.228768,0.410672,-0.320433,0,0.310672,0.83047,0.254187,
1,1.27961,0,0.205891,0.279605,0.228768,-0.210672,-0.320433,0,0.310672,0.83047,0.254187,
1,0.720395,0,0.205891,0.279605,0.228768,0.1,0.510037,0,0.279605,0.83047,0.254187,
1,1,0.228768,0.205891,0.251645,0.228768,0.1,-1.1509,0,0.279605,0.83047,0.254187,
1,1,-0.228768,0.205891,0.251645,0.228768,0.1,-0.320433,0.254187,0.279605,0.747423,0.254187,
1.20589,1,0,0.205891,0.251645,0.205891,0.1,-0.320433,-0.254187,0.279605,0.747423,0.254187,
0.794109,1,0,0.205891,0.251645,0.205891,0.379605,-0.320433,0,0.279605,0.747423,0.228768,
1,1.25164,0,0.185302,0.251645,0.205891,-0.179605,-0.320433,0,0.279605,0.747423,0.228768,
1,0.748355,0,0.185302,0.251645,0.205891,0.1,0.42699,0,0.251645,0.747423,0.228768,
1,1,0.205891,0.185302,0.22648,0.205891,0.1,-1.06786,0,0.251645,0.747423,0.228768,
1,1,-0.205891,0.185302,0.22648,0.205891,0.1,-0.320433,0.228768,0.251645,0.672681,0.228768,
1.1853,1,0,0.185302,0.22648,0.185302,0.1,-0.320433,-0.228768,0.251645,0.672681,0.228768,
0.814698,1,0,0.185302,0.22648,0.185302,0.351645,-0.320433,0,0.251645,0.672681,0.205891,
1,1.22648,0,0.166772,0.22648,0.185302,-0.151645,-0.320433,0,0.251645,0.672681,0.205891,
1,0.77352,0,0.166772,0.22648,0.185302,0.1,0.352247,0,0.22648,0.672681,0.205891,
1,1,0.185302,0.166772,0.203832,0.185302,0.1,0.352247,0,0.22648,0.739949,0.205891,
1,1,-0.185302,0.166772,0.203832,0.185302,0.1,0.352247,0.205891,0.22648,0.739949,0.205891,
1.16677,1,0,0.166772,0.203832,0.166772,0.1,0.352247,-0.205891,0.22648,0.739949,0.205891,
0.833228,1,0,0.166772,0.203832,0.166772,0.32648,0.352247,0,0.22648,0.739949,0.185302,
1,1.20383,0,0.150095,0.203832,0.166772,-0.12648,0.352247,0,0.22648,0.739949,0.185302,
1,0.796168,0,0.150095,0.203832,0.166772,0.1,1.0922,0,0.203832,0.739949,0.185302,
1,1,0.166772,0.150095,0.183449,0.166772,0.1,-0.387702,0,0.203832,0.739949,0.185302,
1,1,-0.166772,0.150095,0.183449,0.166772,0.1,0.352247,0.185302,0.203832,0.665954,0.185302,
1.15009,1,0,0.150095,0.183449,0.150095,0.1,0.352247,-0.185302,0.203832,0.665954,0.185302,
0.849905,1,0,0.150095,0.183449,0.150095,0.303832,0.352247,0,0.203832,0.665954,0.166772,
1,1.18345,0,0.135085,0.183449,0.150095,-0.103832,0.352247,0,0.203832,0.665954,0.166772,
1,0.816551,0,0.135085,0.183449,0.150095,0.1,1.0182,0,0.183449,0.665954,0.166772,
1,1,0.150095,0.135085,0.165104,0.150095,0.1,-0.313707,0,0.183449,0.665954,0.166772,
1,1,-0.150095,0.135085,0.165104,0.150095,0.1,0.352247,0.166772,0.183449,0.599359,0.166772,
1.13509,1,0,0.135085,0.165104,0.135085,0.1,0.352247,-0.166772,0.183449,0.599359,0.166772,
0.864915,1,0,0.135085,0.165104,0.135085,0.283449,0.352247,0,0.183449,0.599359,0.150095,
1,1.1651,0,0.121577,0.165104,0.135085,-0.083449,0.352247,0,0.183449,0.599359,0.150095,
1,0.834896,0,0.121577,0.165104,0.135085,0.1,0.951606,0,0.165104,0.599359,0.150095,
1,1,0.135085,0.121577,0.148594,0.135085,0.1,-0.247111,0,0.165104,0.599359,0.150095,
1,1,-0.135085,0.121577,0.148594,0.135085,0.1,0.352247,0.150095,0.165104,0.539423,0.150095,
1.12158,1,0,0.121577,0.148594,0.121577,0.1,0.352247,-0.150095,0.165104,0.539423,0.150095,
0.878423,1,0,0.121577,0.148594,0.121577,0.265104,0.352247,0,0.165104,0.539423,0.135085,
1,1.14859,0,0.109419,0.148594,0.121577,-0.0651041,0.352247,0,0.165104,0.539423,0.135085,
1,0.851406,0,0.109419,0.148594,0.121577,0.1,0.89167,0,0.148594,0.539423,0.135085,
1,1,0.121577,0.109419,0.133734,0.121577,0.1,-0.187175,0,0.148594,0.539423,0.135085,
1,1,-0.121577,0.109419,0.133734,0.121577,0.1,0.352247,0.135085,0.148594,0.485481,0.135085,
1.10942,1,0,0.109419,0.133734,0.109419,0.1,0.352247,-0.135085,0.148594,0.485481,0.135085,
0.890581,1,0,0.109419,0.133734,0.109419,0.248594,0.352247,0,0.148594,0.485481,0.121577,
1,1.13373,0,0.0984771,0.133734,0.109419,-0.0485937,0.352247,0,0.148594,0.485481,0.121577,
1,0.866266,0,0.0984771,0.133734,0.109419,-0.0485937,0.352247,0,0.163453,0.485481,0.121577,
1,1,0.109419,0.0984771,0.120361,0.109419,-0.0485937,0.837728,0,0.163453,0.485481,0.121577,
1,1,-0.109419,0.0984771,0.120361,0.109419,-0.0485937,-0.133233,0,0.163453,0.485481,0.121577,
1.09848,1,0,0.0984771,0.120361,0.0984771,-0.0485937,0.352247,0.121577,0.163453,0.436932,0.121577,
0.901523,1,0,0.0984771,0.120361,0.0984771,-0.0485937,0.352247,-0.121577,0.163453,0.436932,0.121577,
1,1.12036,0,0.0886294,0.120361,0.0984771,0.114859,0.352247,0,0.163453,0.436932,0.109419,
1,0.879639,0,0.0886294,0.120361,0.0984771,-0.212047,0.352247,0,0.163453,0.436932,0.109419,
1,1,0.0984771,0.0886294,0.108325,0.0984771,-0.0485937,0.78918,0,0.147108,0.436932,0.109419,
1,1,-0.0984771,0.0886294,0.108325,0.0984771,-0.0485937,-0.084685,0,0.147108,0.436932,0.109419,
1.08863,1,0,0.0886294,0.108325,0.0886294,-0.0485937,0.352247,0.109419,0.147108,0.393239,0.109419,
0.911371,1,0,0.0886294,0.108325,0.0886294,-0.0485937,0.352247,-0.109419,0.147108,0.393239,0.109419,
1,1.10832,0,0.0797664,0.108325,0.0886294,0.0985141,0.352247,0,0.147108,0.393239,0.0984771,
1,0.891675,0,0.0797664,0.108325,0.0886294,-0.195701,0.352247,0,0.147108,0.393239,0.0984771,
1,1,0.0886294,0.0797664,0.0974923,0.0886294,-0.0485937,0.745487,0,0.132397,0.393239,0.0984771,
1,1,-0.0886294,0.0797664,0.0974923,0.0886294,-0.0485937,-0.0409918,0,0.132397,0.393239,0.0984771,
1.07977,1,0,0.0797664,0.0974923,0.0797664,-0.0485937,0.352247,0.0984771,0.132397,0.353915,0.0984771,
0.920234,1,0,0.0797664,0.0974923,0.0797664,-0.0485937,0.352247,-0.0984771,0.132397,0.353915,0.0984771,
1,1.09749,0,0.0717898,0.0974923,0.0797664,0.0838033,0.352247,0,0.132397,0.353915,0.0886294,
1,0.902508,0,0.0717898,0.0974923,0.0797664,-0.180991,0.352247,0,0.132397,0.353915,0.0886294,
1,1,0.0797664,0.0717898,0.0877431,0.0797664,-0.0485937,0.706163,0,0.119157,0.353915,0.0886294,
1,1,-0.0797664,0.0717898,0.0877431,0.0797664,-0.0485937,-0.00166786,0,0.119157,0.353915,0.0886294,
1.07179,1,0,0.0717898,0.0877431,0.0717898,-0.0485937,0.352247,0.0886294,0.119157,0.318524,0.0886294,
0.92821,1,0,0.0717898,0.0877431,0.0717898,-0.0485937,0.352247,-0.0886294,0.119157,0.318524,0.0886294,
1,1.08774,0,0.0646108,0.0877431,0.0717898,0.0705636,0.352247,0,0.119157,0.318524,0.0797664,
1,0.912257,0,0.0646108,0.0877431,0.0717898,-0.167751,0.352247,0,0.119157,0.318524,0.0797664,
1,1,0.0717898,0.0646108,0.0789688,0.0717898,-0.0485937,0.670771,0,0.107242,0.318524,0.0797664,
1,1,-0.0717898,0.0646108,0.0789688,0.0717898,-0.0485937,0.0337237,0,0.107242,0.318524,0.0797664,
1.06461,1,0,0.0646108,0.0789688,0.0646108,-0.0485937,0.352247,0.0797664,0.107242,0.286671,0.0797664,
0.935389,1,0,0.0646108,0.0789688,0.0646108,-0.0485937,0.352247,-0.0797664,0.107242,0.286671,0.0797664,
1,1.07897,0,0.0581497,0.0789688,0.0646108,0.0586479,0.352247,0,0.107242,0.286671,0.0717898,
1,0.921031,0,0.0581497,0.0789688,0.0646108,-0.155835,0.352247,0,0.107242,0.286671,0.0717898,
1,1,0.0646108,0.0581497,0.0710719,0.0646108,-0.0485937,0.638919,0,0.0965174,0.286671,0.0717898,
1,1,-0.0646108,0.0581497,0.0710719,0.0646108,-0.0485937,0.065576,0,0.0965174,0.286671,0.0717898,
1.05815,1,0,0.0581497,0.0710719,0.0581497,-0.0485937,0.352247,0.0717898,0.0965174,0.258004,0.0717898,
0.94185,1,0,0.0581497,0.0710719,0.0581497,-0.0485937,0.352247,-0.0717898,0.0965174,0.258004,0.0717898,
1,1.07107,0,0.0523348,0.0710719,0.0581497,0.0479237,0.352247,0,0.0965174,0.258004,0.0646108,
1,0.928928,0,0.0523348,0.0710719,0.0581497,-0.145111,0.352247,0,0.0965174,0.258004,0.0646108,
1,1,0.0581497,0.0523348,0.0639647,0.0581497,-0.0485937,0.610252,0,0.0868657,0.258004,0.0646108,
1,1,-0.0581497,0.0523348,0.0639647,0.0581497,-0.0485937,0.0942432,0,0.0868657,0.258004,0.0646108,
1.05233,1,0,0.0523348,0.0639647,0.0523348,-0.0485937,0.352247,0.0646108,0.0868657,0.232204,0.0646108,
0.947665,1,0,0.0523348,0.0639647,0.0523348,-0.0485937,0.352247,-0.0646108,0.0868657,0.232204,0.0646108,
1,1.06396,0,0.0471013,0.0639647,0.0523348,0.038272,0.352247,0,0.0868657,0.232204,0.0581497,
1,0.936035,0,0.0471013,0.0639647,0.0523348,-0.135459,0.352247,0,0.0868657,0.232204,0.0581497,
1,1,0.0523348,0.0471013,0.0575682,0.0523348,-0.0485937,0.584451,0,0.0781791,0.232204,0.0581497,
1,1,-0.0523348,0.0471013,0.0575682,0.0523348,-0.0485937,0.120044,0,0.0781791,0.232204,0.0581497,
1.0471,1,0,0.0471013,0.0575682,0.0471013,-0.0485937,0.352247,0.0581497,0.0781791,0.208983,0.0581497,
0.952899,1,0,0.0471013,0.0575682,0.0471013,-0.0485937,0.352247,-0.0581497,0.0781791,0.208983,0.0581497,
1,1.05757,0,0.0423912,0.0575682,0.0471013,0.0295854,0.352247,0,0.0781791,0.208983,0.0523348,
1,0.942432,0,0.0423912,0.0575682,0.0471013,0.0295854,0.352247,0,0.085997,0.208983,0.0523348,
1,1,0.0471013,0.0423912,0.0518114,0.0471013,0.0295854,0.561231,0,0.085997,0.208983,0.0523348,
1,1,-0.0471013,0.0423912,0.0518114,0.0471013,0.0295854,0.143264,0,0.085997,0.208983,0.0523348,
1.04239,1,0,0.0423912,0.0518114,0.0423912,0.0295854,0.352247,0.0523348,0.085997,0.188085,0.0523348,
0.957609,1,0,0.0423912,0.0518114,0.0423912,0.0295854,0.352247,-0.0523348,0.085997,0.188085,0.0523348,
1,1.05181,0,0.038152,0.0518114,0.0423912,0.115582,0.352247,0,0.085997,0.188085,0.0471013,
1,0.948189,0,0.038152,0.0518114,0.0423912,-0.0564116,0.352247,0,0.085997,0.188085,0.0471013,
1,1,0.0423912,0.038152,0.0466303,0.0423912,0.0295854,0.540333,0,0.0773973,0.188085,0.0471013,
1,1,-0.0423912,0.038152,0.0466303,0.0423912,0.0295854,0.164162,0,0.0773973,0.188085,0.0471013,
1.03815,1,0,0.038152,0.0466303,0.038152,0.0295854,0.164162,0,0.0773973,0.206894,0.0471013,
0.961848,1,0,0.038152,0.0466303,0.038152,0.0295854,0.164162,0.0471013,0.0773973,0.206894,0.0471013,
1,1.04663,0,0.0343368,0.0466303,0.038152,0.0295854,0.164162,-0.0471013,0.0773973,0.206894,0.0471013,
1,0.95337,0,0.0343368,0.0466303,0.038152,0.106983,0.164162,0,0.0773973,0.206894,0.0423912,
1,1,0.038152,0.0343368,0.0419672,0.038152,-0.0478119,0.164162,0,0.0773973,0.206894,0.0423912,
1,1,-0.038152,0.0343368,0.0419672,0.038152,0.0295854,0.371056,0,0.0696576,0.206894,0.0423912,
1.03434,1,0,0.0343368,0.0419672,0.0343368,0.0295854,-0.0427313,0,0.0696576,0.206894,0.0423912,
0.965663,1,0,0.0343368,0.0419672,0.0343368,0.0295854,0.164162,0.0423912,0.0696576,0.186204,0.0423912,
1,1.04197,0,0.0309032,0.0419672,0.0343368,0.0295854,0.164162,-0.0423912,0.0696576,0.186204,0.0423912,
1,0.958033,0,0.0309032,0.0419672,0.0343368,0.099243,0.164162,0,0.0696576,0.186204,0.038152,
1,1,0.0343368,0.0309032,0.0377705,0.0343368,-0.0400722,0.164162,0,0.0696576,0.186204,0.038152,
1,1,-0.0343368,0.0309032,0.0377705,0.0343368,0.0295854,0.350367,0,0.0626918,0.186204,0.038152,
1.0309,1,0,0.0309032,0.0377705,0.0309032,0.0295854,-0.0220419,0,0.0626918,0.186204,0.038152,
0.969097,1,0,0.0309032,0.0377705,0.0309032,0.0295854,0.164162,0.038152,0.0626918,0.167584,0.038152,
1,1.03777,0,0.0278128,0.0377705,0.0309032,0.0295854,0.164162,-0.038152,0.0626918,0.167584,0.038152,
1,0.962229,0,0.0278128,0.0377705,0.0309032,0.0922772,0.164162,0,0.0626918,0.167584,0.0343368,
1,1,0.0309032,0.0278128,0.0339935,0.0309032,-0.0331064,0.164162,0,0.0626918,0.167584,0.0343368,
1,1,-0.0309032,0.0278128,0.0339935,0.0309032,0.0295854,0.331746,0,0.0564226,0.167584,0.0343368,
1.02781,1,0,0.0278128,0.0339935,0.0278128,0.0295854,0.331746,0,0.0564226,0.184342,0.0343368,
0.972187,1,0,0.0278128,0.0339935,0.0278128,0.0295854,0.331746,0.0343368,0.0564226,0.184342,0.0343368,
1,1.03399,0,0.0250316,0.0339935,0.0278128,0.0295854,0.331746,-0.0343368,0.0564226,0.184342,0.0343368,
1,0.966007,0,0.0250316,0.0339935,0.0278128,0.086008,0.331746,0,0.0564226,0.184342,0.0309032,
1,1,0.0278128,0.0250316,0.0305941,0.0278128,-0.0268372,0.331746,0,0.0564226,0.184342,0.0309032,
1,1,-0.0278128,0.0250316,0.0305941,0.0278128,0.0295854,0.516088,0,0.0507804,0.184342,0.0309032,
1.02503,1,0,0.0250316,0.0305941,0.0250316,0.0295854,0.147404,0,0.0507804,0.184342,0.0309032,
0.974968,1,0,0.0250316,0.0305941,0.0250316,0.0295854,0.331746,0.0309032,0.0507804,0.165908,0.0309032,
1,1.03059,0,0.0225284,0.0305941,0.0250316,0.0295854,0.331746,-0.0309032,0.0507804,0.165908,0.0309032,
1,0.969406,0,0.0225284,0.0305941,0.0250316,0.0803658,0.331746,0,0.0507804,0.165908,0.0278128,
1,1,0.0250316,0.0225284,0.0275347,0.0250316,-0.021195,0.331746,0,0.0507804,0.165908,0.0278128,
1,1,-0.0250316,0.0225284,0.0275347,0.0250316,0.0295854,0.497654,0,0.0457023,0.165908,0.0278128,
1.02253,1,0,0.0225284,0.0275347,0.0225284,0.0295854,0.165838,0,0.0457023,0.165908,0.0278128,
0.977472,1,0,0.0225284,0.0275347,0.0225284,0.0295854,0.331746,0.0278128,0.0457023,0.149317,0.0278128,
1,1.02753,0,0.0202756,0.0275347,0.0225284,0.0295854,0.331746,-0.0278128,0.0457023,0.149317,0.0278128,
1,0.972465,0,0.0202756,0.0275347,0.0225284,0.0752877,0.331746,0,0.0457023,0.149317,0.0250316,
1,1,0.0225284,0.0202756,0.0247812,0.0225284,-0.0161169,0.331746,0,0.0457023,0.149317,0.0250316,
1,1,-0.0225284,0.0202756,0.0247812,0.0225284,0.0295854,0.481063,0,0.0411321,0.149317,0.0250316,
1.02028,1,0,0.0202756,0.0247812,0.0202756,0.0295854,0.182429,0,0.0411321,0.149317,0.0250316,
0.979724,1,0,0.0202756,0.0247812,0.0202756,0.0295854,0.331746,0.0250316,0.0411321,0.134385,0.0250316,
1,1.02478,0,0.018248,0.0247812,0.0202756,0.0295854,0.331746,-0.0250316,0.0411321,0.134385,0.0250316,
1,0.975219,0,0.018248,0.0247812,0.0202756,0.0707175,0.331746,0,0.0411321,0.134385,0.0225284,
1,1,0.0202756,0.018248,0.0223031,0.0202756,-0.0115467,0.331746,0,0.0411321,0.134385,0.0225284,
1,1,-0.0202756,0.018248,0.0223031,0.0202756,-0.0115467,0.331746,0,0.0452453,0.134385,0.0225284,
1.01825,1,0,0.018248,0.0223031,0.018248,-0.0115467,0.331746,0,0.0497698,0.134385,0.0225284,
0.981752,1,0,0.018248,0.0223031,0.018248,-0.0115467,0.466132,0,0.0497698,0.134385,0.0225284,
1,1.0223,0,0.0164232,0.0223031,0.018248,-0.0115467,0.197361,0,0.0497698,0.134385,0.0225284,
1,0.977697,0,0.0164232,0.0223031,0.018248,-0.0115467,0.331746,0.0225284,0.0497698,0.120947,0.0225284,
1,1,0.018248,0.0164232,0.0200728,0.018248,-0.0115467,0.331746,-0.0225284,0.0497698,0.120947,0.0225284,
1,1,-0.018248,0.0164232,0.0200728,0.018248,0.0382231,0.331746,0,0.0497698,0.120947,0.0202756,
1.01642,1,0,0.0164232,0.0200728,0.0164232,-0.0613165,0.331746,0,0.0497698,0.120947,0.0202756,
0.983577,1,0,0.0164232,0.0200728,0.0164232,-0.0115467,0.452693,0,0.0447929,0.120947,0.0202756,
1,1.02007,0,0.0147809,0.0200728,0.0164232,-0.0115467,0.210799,0,0.0447929,0.120947,0.0202756,
1,0.979927,0,0.0147809,0.0200728,0.0164232,-0.0115467,0.210799,0,0.0447929,0.133042,0.0202756,
1,1,0.0164232,0.0147809,0.0180655,0.0164232,-0.0115467,0.210799,0.0202756,0.0447929,0.133042,0.0202756,
1,1,-0.0164232,0.0147809,0.0180655,0.0164232,-0.0115467,0.210799,-0.0202756,0.0447929,0.133042,0.0202756,
1.01478,1,0,0.0147809,0.0180655,0.0147809,0.0332462,0.210799,0,0.0447929,0.133042,0.018248,
0.985219,1,0,0.0147809,0.0180655,0.0147809,-0.0563396,0.210799,0,0.0447929,0.133042,0.018248,
1,1.01807,0,0.0133028,0.0180655,0.0147809,-0.0115467,0.343841,0,0.0403136,0.133042,0.018248,
1,0.981934,0,0.0133028,0.0180655,0.0147809,-0.0115467,0.0777576,0,0.0403136,0.133042,0.018248,
1,1,0.0147809,0.0133028,0.016259,0.0147809,-0.0115467,0.210799,0.018248,0.0403136,0.119737,0.018248,
1,1,-0.0147809,0.0133028,0.016259,0.0147809,-0.0115467,0.210799,-0.018248,0.0403136,0.119737,0.018248,
1.0133,1,0,0.0133028,0.016259,0.0133028,0.0287669,0.210799,0,0.0403136,0.119737,0.0164232,
0.986697,1,0,0.0133028,0.016259,0.0133028,-0.0518603,0.210799,0,0.0403136,0.119737,0.0164232,
1,1.01626,0,0.0119725,0.016259,0.0133028,-0.0115467,0.330537,0,0.0362822,0.119737,0.0164232,
1,0.983741,0,0.0119725,0.016259,0.0133028,-0.0115467,0.0910618,0,0.0362822,0.119737,0.0164232,
1,1,0.0133028,0.0119725,0.0146331,0.0133028,-0.0115467,0.210799,0.0164232,0.0362822,0.107764,0.0164232,
1,1,-0.0133028,0.0119725,0.0146331,0.0133028,-0.0115467,0.210799,-0.0164232,0.0362822,0.107764,0.0164232,
1.01197,1,0,0.0119725,0.0146331,0.0119725,0.0247355,0.210799,0,0.0362822,0.107764,0.0147809,
0.988027,1,0,0.0119725,0.0146331,0.0119725,-0.0478289,0.210799,0,0.0362822,0.107764,0.0147809,
1,1.01463,0,0.0107753,0.0146331,0.0119725,-0.0115467,0.318563,0,0.032654,0.107764,0.0147809,
1,0.985367,0,0.0107753,0.0146331,0.0119725,-0.0115467,0.103036,0,0.032654,0.107764,0.0147809,
1,1,0.0119725,0.0107753,0.0131698,0.0119725,-0.0115467,0.210799,0.0147809,0.032654,0.0969873,0.0147809,
1,1,-0.0119725,0.0107753,0.0131698,0.0119725,-0.0115467,0.210799,-0.0147809,0.032654,0.0969873,0.0147809,
1.01078,1,0,0.0107753,0.0131698,0.0107753,0.0211073,0.210799,0,0.032654,0.0969873,0.0133028,
0.989225,1,0,0.0107753,0.0131698,0.0107753,-0.0442007,0.210799,0,0.032654,0.0969873,0.0133028,
1,1.01317,0,0.00969774,0.0131698,0.0107753,-0.0115467,0.307787,0,0.0293886,0.0969873,0.0133028,
1,0.98683,0,0.00969774,0.0131698,0.0107753,-0.0115467,0.113812,0,0.0293886,0.0969873,0.0133028,
1,1,0.0107753,0.00969774,0.0118528,0.0107753,-0.0115467,0.210799,0.0133028,0.0293886,0.0872886,0.0133028,
1,1,-0.0107753,0.00969774,0.0118528,0.0107753,-0.0115467,0.210799,-0.0133028,0.0293886,0.0872886,0.0133028,
1.0097,1,0,0.00969774,0.0118528,0.00969774,0.0178419,0.210799,0,0.0293886,0.0872886,0.0119725,
0.990302,1,0,0.00969774,0.0118528,0.00969774,-0.0409353,0.210799,0,0.0293886,0.0872886,0.0119725,
1,1.01185,0,0.00872796,0.0118528,0.00969774,-0.0115467,0.298088,0,0.0264497,0.0872886,0.0119725,
1,0.988147,0,0.00872796,0.0118528,0.00969774,-0.0115467,0.123511,0,0.0264497,0.0872886,0.0119725,
1,1,0.00969774,0.00872796,0.0106675,0.00969774,-0.0115467,0.210799,0.0119725,0.0264497,0.0785597,0.0119725,
1,1,-0.00969774,0.00872796,0.0106675,0.00969774,-0.0115467,0.210799,-0.0119725,0.0264497,0.0785597,0.0119725,
1.00873,1,0,0.00872796,0.0106675,0.00872796,0.014903,0.210799,0,0.0264497,0.0785597,0.0107753,
0.991272,1,0,0.00872796,0.0106675,0.00872796,-0.0379964,0.210799,0,0.0264497,0.0785597,0.0107753,
1,1.01067,0,0.00785517,0.0106675,0.00872796,-0.0115467,0.289359,0,0.0238048,0.0785597,0.0107753,
1,0.989332,0,0.00785517,0.0106675,0.00872796,-0.0115467,0.132239,0,0.0238048,0.0785597,0.0107753,
1,1,0.00872796,0.00785517,0.00960076,0.00872796,-0.0115467,0.132239,0,0.0238048,0.0864157,0.0107753,
1,1,-0.00872796,0.00785517,0.00960076,0.00872796,-0.0115467,0.132239,0.0107753,0.0238048,0.0864157,0.0107753,
1.00786,1,0,0.00785517,0.00960076,0.00785517,-0.0115467,0.132239,-0.0107753,0.0238048,0.0864157,0.0107753,
0.992145,1,0,0.00785517,0.00960076,0.00785517,0.0122581,0.132239,0,0.0238048,0.0864157,0.00969774,
1,1.0096,0,0.00706965,0.00960076,0.00785517,-0.0353515,0.132239,0,0.0238048,0.0864157,0.00969774,
1,0.990399,0,0.00706965,0.00960076,0.00785517,-0.0115467,0.218655,0,0.0214243,0.0864157,0.00969774,
1,1,0.00785517,0.00706965,0.00864068,0.00785517,-0.0115467,0.0458238,0,0.0214243,0.0864157,0.00969774,
1,1,-0.00785517,0.00706965,0.00864068,0.00785517,-0.0115467,0.132239,0.00969774,0.0214243,0.0777741,0.00969774,
1.00707,1,0,0.00706965,0.00864068,0.00706965,-0.0115467,0.132239,-0.00969774,0.0214243,0.0777741,0.00969774,
0.99293,1,0,0.00706965,0.00864068,0.00706965,0.00987759,0.132239,0,0.0214243,0.0777741,0.00872796,
1,1.00864,0,0.00636269,0.00864068,0.00706965,-0.032971,0.132239,0,0.0214243,0.0777741,0.00872796,
1,0.991359,0,0.00636269,0.00864068,0.00706965,-0.0115467,0.210014,0,0.0192819,0.0777741,0.00872796,
1,1,0.00706965,0.00636269,0.00777662,0.00706965,-0.0115467,0.0544654,0,0.0192819,0.0777741,0.00872796,
1,1,-0.00706965,0.00636269,0.00777662,0.00706965,-0.0115467,0.132239,0.00872796,0.0192819,0.0699967,0.00872796,
1.00636,1,0,0.00636269,0.00777662,0.00636269,-0.0115467,0.132239,-0.00872796,0.0192819,0.0699967,0.00872796,
0.993637,1,0,0.00636269,0.00777662,0.00636269,0.00773516,0.132239,0,0.0192819,0.0699967,0.00785517,
1,1.00778,0,0.00572642,0.00777662,0.00636269,-0.0308286,0.132239,0,0.0192819,0.0699967,0.00785517,
1,0.992223,0,0.00572642,0.00777662,0.00636269,-0.0115467,0.202236,0,0.0173537,0.0699967,0.00785517,
1,1,0.00636269,0.00572642,0.00699895,0.00636269,-0.0115467,0.0622428,0,0.0173537,0.0699967,0.00785517,
1,1,-0.00636269,0.00572642,0.00699895,0.00636269,-0.0115467,0.132239,0.00785517,0.0173537,0.0629971,0.00785517,
1.00573,1,0,0.00572642,0.00699895,0.00572642,-0.0115467,0.132239,-0.00785517,0.0173537,0.0629971,0.00785517,
0.994274,1,0,0.00572642,0.00699895,0.00572642,0.00580697,0.132239,0,0.0173537,0.0629971,0.00706965,
1,1.007,0,0.00515378,0.00699895,0.00572642,-0.0289004,0.132239,0,0.0173537,0.0629971,0.00706965,
1,0.993001,0,0.00515378,0.00699895,0.00572642,-0.0115467,0.195237,0,0.0156183,0.0629971,0.00706965,
1,1,0.00572642,0.00515378,0.00629906,0.00572642,-0.0115467,0.0692424,0,0.0156183,0.0629971,0.00706965,
1,1,-0.00572642,0.00515378,0.00629906,0.00572642,-0.0115467,0.132239,0.00706965,0.0156183,0.0566974,0.00706965,
1.00515,1,0,0.00515378,0.00629906,0.00515378,-0.0115467,0.132239,-0.00706965,0.0156183,0.0566974,0.00706965,
0.994846,1,0,0.00515378,0.00629906,0.00515378,0.00407161,0.132239,0,0.0156183,0.0566974,0.00636269,
1,1.0063,0,0.0046384,0.00629906,0.00515378,-0.027165,0.132239,0,0.0156183,0.0566974,0.00636269,
1,0.993701,0,0.0046384,0.00629906,0.00515378,-0.0115467,0.188937,0,0.0140565,0.0566974,0.00636269,
1,1,0.00515378,0.0046384,0.00566915,0.00515378,-0.0115467,0.0755421,0,0.0140565,0.0566974,0.00636269,
1,1,-0.00515378,0.0046384,0.00566915,0.00515378,-0.0115467,0.132239,0.00636269,0.0140565,0.0510276,0.00636269,
1.00464,1,0,0.0046384,0.00566915,0.0046384,-0.0115467,0.132239,-0.00636269,0.0140565,0.0510276,0.00636269,
0.995362,1,0,0.0046384,0.00566915,0.0046384,0.00250978,0.132239,0,0.0140565,0.0510276,0.00572642,
1,1.00567,0,0.00417456,0.00566915,0.0046384,0.00250978,0.132239,0,0.0154621,0.0510276,0.00572642,
1,0.994331,0,0.00417456,0.00566915,0.0046384,0.00250978,0.183267,0,0.0154621,0.0510276,0.00572642,
1,1,0.0046384,0.00417456,0.00510224,0.0046384,0.00250978,0.0812119,0,0.0154621,0.0510276,0.00572642,
1,1,-0.0046384,0.00417456,0.00510224,0.0046384,0.00250978,0.132239,0.00572642,0.0154621,0.0459249,0.00572642,
1.00417,1,0,0.00417456,0.00510224,0.00417456,0.00250978,0.132239,-0.00572642,0.0154621,0.0459249,0.00572642,
0.995825,1,0,0.00417456,0.00510224,0.00417456,0.0179719,0.132239,0,0.0154621,0.0459249,0.00515378,
1,1.0051,0,0.0037571,0.00510224,0.00417456,-0.0129523,0.132239,0,0.0154621,0.0459249,0.00515378,
1,0.994898,0,0.0037571,0.00510224,0.00417456,0.00250978,0.178164,0,0.0139159,0.0459249,0.00515378,
1,1,0.00417456,0.0037571,0.00459201,0.00417456,0.00250978,0.0863146,0,0.0139159,0.0459249,0.00515378,
1,1,-0.00417456,0.0037571,0.00459201,0.00417456,0.00250978,0.132239,0.00515378,0.0139159,0.0413324,0.00515378,
1.00376,1,0,0.0037571,0.00459201,0.0037571,0.00250978,0.132239,-0.00515378,0.0139159,0.0413324,0.00515378,
0.996243,1,0,0.0037571,0.00459201,0.0037571,0.0164257,0.132239,0,0.0139159,0.0413324,0.0046384,
1,1.00459,0,0.00338139,0.00459201,0.0037571,-0.0114061,0.132239,0,0.0139159,0.0413324,0.0046384,
1,0.995408,0,0.00338139,0.00459201,0.0037571,0.00250978,0.173572,0,0.0125243,0.0413324,0.0046384,
1,1,0.0037571,0.00338139,0.00413281,0.0037571,0.00250978,0.0909071,0,0.0125243,0.0413324,0.0046384,
1,1,-0.0037571,0.00338139,0.00413281,0.0037571,0.00250978,0.132239,0.0046384,0.0125243,0.0371991,0.0046384,
1.00338,1,0,0.00338139,0.00413281,0.00338139,0.00250978,0.132239,-0.0046384,0.0125243,0.0371991,0.0046384,
0.996619,1,0,0.00338139,0.00413281,0.00338139,0.0150341,0.132239,0,0.0125243,0.0371991,0.00417456,
1,1.00413,0,0.00304325,0.00413281,0.00338139,-0.0100145,0.132239,0,0.0125243,0.0371991,0.00417456,
1,0.995867,0,0.00304325,0.00413281,0.00338139,0.00250978,0.169439,0,0.0112719,0.0371991,0.00417456,
1,1,0.00338139,0.00304325,0.00371953,0.00338139,0.00250978,0.0950404,0,0.0112719,0.0371991,0.00417456,
1,1,-0.00338139,0.00304325,0.00371953,0.00338139,0.00250978,0.132239,0.00417456,0.0112719,0.0334792,0.00417456,
1.00304,1,0,0.00304325,0.00371953,0.00304325,0.00250978,0.132239,-0.00417456,0.0112719,0.0334792,0.00417456,
0.996957,1,0,0.00304325,0.00371953,0.00304325,0.0137817,0.132239,0,0.0112719,0.0334792,0.0037571,
1,1.00372,0,0.00273893,0.00371953,0.00304325,-0.00876211,0.132239,0,0.0112719,0.0334792,0.0037571,
1,0.99628,0,0.00273893,0.00371953,0.00304325,0.00250978,0.165719,0,0.0101447,0.0334792,0.0037571,
1,1,0.00304325,0.00273893,0.00334758,0.00304325,0.00250978,0.0987603,0,0.0101447,0.0334792,0.0037571,
1,1,-0.00304325,0.00273893,0.00334758,0.00304325,0.00250978,0.132239,0.0037571,0.0101447,0.0301313,0.0037571,
1.00274,1,0,0.00273893,0.00334758,0.00273893,0.00250978,0.132239,-0.0037571,0.0101447,0.0301313,0.0037571,
0.997261,1,0,0.00273893,0.00334758,0.00273893,0.0126545,0.132239,0,0.0101447,0.0301313,0.00338139,
1,1.00335,0,0.00246503,0.00334758,0.00273893,-0.00763492,0.132239,0,0.0101447,0.0301313,0.00338139,
1,0.996652,0,0.00246503,0.00334758,0.00273893,0.00250978,0.162371,0,0.00913023,0.0301313,0.00338139,
1,1,0.00273893,0.00246503,0.00301282,0.00273893,0.00250978,0.102108,0,0.00913023,0.0301313,0.00338139,
1,1,-0.00273893,0.00246503,0.00301282,0.00273893,0.00250978,0.132239,0.00338139,0.00913023,0.0271182,0.00338139,
1.00247,1,0,0.00246503,0.00301282,0.00246503,0.00250978,0.132239,-0.00338139,0.00913023,0.0271182,0.00338139,
0.997535,1,0,0.00246503,0.00301282,0.00246503,0.01164,0.132239,0,0.00913023,0.0271182,0.00304325,
1,1.00301,0,0.00221853,0.00301282,0.00246503,-0.00662045,0.132239,0,0.00913023,0.0271182,0.00304325,
1,0.996987,0,0.00221853,0.00301282,0.00246503,0.00250978,0.159358,0,0.0082172,0.0271182,0.00304325,
1,1,0.00246503,0.00221853,0.00271154,0.00246503,0.00250978,0.105121,0,0.0082172,0.0271182,0.00304325,
1,1,-0.00246503,0.00221853,0.00271154,0.00246503,0.00250978,0.105121,0,0.0082172,0.02983,0.00304325,
1.00222,1,0,0.00221853,0.00271154,0.00221853,0.00250978,0.105121,0.00304325,0.0082172,0.02983,0.00304325,
0.997781,1,0,0.00221853,0.00271154,0.00221853,0.00250978,0.105121,-0.00304325,0.0082172,0.02983,0.00304325,
1,1.00271,0,0.00199668,0.00271154,0.00221853,0.010727,0.105121,0,0.0082172,0.02983,0.00273893,
1,0.997288,0,0.00199668,0.00271154,0.00221853,-0.00570743,0.105121,0,0.0082172,0.02983,0.00273893,
1,1,0.00221853,0.00199668,0.00244038,0.00221853,0.00250978,0.134951,0,0.00739548,0.02983,0.00273893,
1,1,-0.00221853,0.00199668,0.00244038,0.00221853,0.00250978,0.0752913,0,0.00739548,0.02983,0.00273893,
1.002,1,0,0.00199668,0.00244038,0.00199668,0.00250978,0.105121,0.00273893,0.00739548,0.026847,0.00273893,
0.998003,1,0,0.00199668,0.00244038,0.00199668,0.00250978,0.105121,-0.00273893,0.00739548,0.026847,0.00273893,
1,1.00244,0,0.00179701,0.00244038,0.00199668,0.00990526,0.105121,0,0.00739548,0.026847,0.00246503,
1,0.99756,0,0.00179701,0.00244038,0.00199668,-0.00488571,0.105121,0,0.00739548,0.026847,0.00246503,
1,1,0.00199668,0.00179701,0.00219635,0.00199668,0.00250978,0.131968,0,0.00665594,0.026847,0.00246503,
1,1,-0.00199668,0.00179701,0.00219635,0.00199668,0.00250978,0.0782743,0,0.00665594,0.026847,0.00246503,
1.0018,1,0,0.00179701,0.00219635,0.00179701,0.00250978,0.105121,0.00246503,0.00665594,0.0241623,0.00246503,
0.998203,1,0,0.00179701,0.00219635,0.00179701,0.00250978,0.105121,-0.00246503,0.00665594,0.0241623,0.00246503,
1,1.0022,0,0.00161731,0.00219635,0.00179701,0.00916571,0.105121,0,0.00665594,0.0241623,0.00221853,
1,0.997804,0,0.00161731,0.00219635,0.00179701,-0.00414616,0.105121,0,0.00665594,0.0241623,0.00221853,
1,1,0.00179701,0.00161731,0.00197671,0.00179701,0.00250978,0.129284,0,0.00599034,0.0241623,0.00221853,
1,1,-0.00179701,0.00161731,0.00197671,0.00179701,0.00250978,0.080959,0,0.00599034,0.0241623,0.00221853,
1.00162,1,0,0.00161731,0.00197671,0.00161731,0.00250978,0.105121,0.00221853,0.00599034,0.0217461,0.00221853,
0.998383,1,0,0.00161731,0.00197671,0.00161731,0.00250978,0.105121,-0.00221853,0.00599034,0.0217461,0.00221853,
1,1.00198,0,0.00145558,0.00197671,0.00161731,0.00850012,0.105121,0,0.00599034,0.0217461,0.00199668,
1,0.998023,0,0.00145558,0.00197671,0.00161731,-0.00348057,0.105121,0,0.00599034,0.0217461,0.00199668,
1,1,0.00161731,0.00145558,0.00177904,0.00161731,0.00250978,0.126867,0,0.00539131,0.0217461,0.00199668,
1,1,-0.00161731,0.00145558,0.00177904,0.00161731,0.00250978,0.0833753,0,0.00539131,0.0217461,0.00199668,
1.00146,1,0,0.00145558,0.00177904,0.00145558,0.00250978,0.105121,0.00199668,0.00539131,0.0195715,0.00199668,
0.998544,1,0,0.00145558,0.00177904,0.00145558,0.00250978,0.105121,-0.00199668,0.00539131,0.0195715,0.00199668,
1,1.00178,0,0.00131002,0.00177904,0.00145558,0.00790108,0.105121,0,0.00539131,0.0195715,0.00179701,
1,0.998221,0,0.00131002,0.00177904,0.00145558,-0.00288153,0.105121,0,0.00539131,0.0195715,0.00179701,
1,1,0.00145558,0.00131002,0.00160114,0.00145558,0.00250978,0.124693,0,0.00485218,0.0195715,0.00179701,
1,1,-0.00145558,0.00131002,0.00160114,0.00145558,0.00250978,0.0855499,0,0.00485218,0.0195715,0.00179701,
1.00131,1,0,0.00131002,0.00160114,0.00131002,0.00250978,0.105121,0.00179701,0.00485218,0.0176143,0.00179701,
0.99869,1,0,0.00131002,0.00160114,0.00131002,0.00250978,0.105121,-0.00179701,0.00485218,0.0176143,0.00179701,
1,1.0016,0,0.00117902,0.00160114,0.00131002,0.00736195,0.105121,0,0.00485218,0.0176143,0.00161731,
1,0.998399,0,0.00117902,0.00160114,0.00131002,-0.0023424,0.105121,0,0.00485218,0.0176143,0.00161731,
1,1,0.00131002,0.00117902,0.00144102,0.00131002,0.00250978,0.122736,0,0.00436696,0.0176143,0.00161731,
1,1,-0.00131002,0.00117902,0.00144102,0.00131002,0.00250978,0.087507,0,0.00436696,0.0176143,0.00161731,
1.00118,1,0,0.00117902,0.00144102,0.00117902,0.00250978,0.105121,0.00161731,0.00436696,0.0158529,0.00161731,
0.998821,1,0,0.00117902,0.00144102,0.00117902,0.00250978,0.105121,-0.00161731,0.00436696,0.0158529,0.00161731,
1,1.00144,0,0.00106112,0.00144102,0.00117902,0.00687674,0.105121,0,0.00436696,0.0158529,0.00145558,
1,0.998559,0,0.00106112,0.00144102,0.00117902,-0.00185718,0.105121,0,0.00436696,0.0158529,0.00145558,
1,1,0.00117902,0.00106112,0.00129692,0.00117902,0.00250978,0.120974,0,0.00393026,0.0158529,0.00145558,
1,1,-0.00117902,0.00106112,0.00129692,0.00117902,0.00250978,0.0892685,0,0.00393026,0.0158529,0.00145558,
1.00106,1,0,0.00106112,0.00129692,0.00106112,0.00250978,0.105121,0.00145558,0.00393026,0.0142676,0.00145558,
0.998939,1,0,0.00106112,0.00129692,0.00106112,0.00250978,0.105121,-0.00145558,0.00393026,0.0142676,0.00145558,
1,1.0013,0,0.000955005,0.00129692,0.00106112,0.00644004,0.105121,0,0.00393026,0.0142676,0.00131002,
1,0.998703,0,0.000955005,0.00129692,0.00106112,-0.00142049,0.105121,0,0.00393026,0.0142676,0.00131002,
1,1,0.00106112,0.000955005,0.00116723,0.00106112,-0.00142049,0.105121,0,0.00432329,0.0142676,0.00131002,
1,1,-0.00106112,0.000955005,0.00116723,0.00106112,-0.00142049,0.119389,0,0.00432329,0.0142676,0.00131002,
1.00096,1,0,0.000955005,0.00116723,0.000955005,-0.00142049,0.0908537,0,0.00432329,0.0142676,0.00131002,
0.999045,1,0,0.000955005,0.00116723,0.000955005,-0.00142049,0.105121,0.00131002,0.00432329,0.0128408,0.00131002,
1,1.00117,0,0.000859504,0.00116723,0.000955005,-0.00142049,0.105121,-0.00131002,0.00432329,0.0128408,0.00131002,
1,0.998833,0,0.000859504,0.00116723,0.000955005,0.0029028,0.105121,0,0.00432329,0.0128408,0.00117902,
1,1,0.000955005,0.000859504,0.00105051,0.000955005,-0.00574378,0.105121,0,0.00432329,0.0128408,0.00117902,
1,1,-0.000955005,0.000859504,0.00105051,0.000955005,-0.00142049,0.117962,0,0.00389096,0.0128408,0.00117902,
1.00086,1,0,0.000859504,0.00105051,0.000859504,-0.00142049,0.0922805,0,0.00389096,0.0128408,0.00117902,
0.99914,1,0,0.000859504,0.00105051,0.000859504,-0.00142049,0.105121,0.00117902,0.00389096,0.0115567,0.00117902,
1,1.00105,0,0.000773554,0.00105051,0.000859504,-0.00142049,0.105121,-0.00117902,0.00389096,0.0115567,0.00117902,
1,0.998949,0,0.000773554,0.00105051,0.000859504,0.00247047,0.105121,0,0.00389096,0.0115567,0.00106112,
1,1,0.000859504,0.000773554,0.000945455,0.000859504,-0.00531145,0.105121,0,0.00389096,0.0115567,0.00106112,
1,1,-0.000859504,0.000773554,0.000945455,0.000859504,-0.00142049,0.116678,0,0.00350186,0.0115567,0.00106112,
1.00077,1,0,0.000773554,0.000945455,0.000773554,-0.00142049,0.0935646,0,0.00350186,0.0115567,0.00106112,
0.999226,1,0,0.000773554,0.000945455,0.000773554,-0.00142049,0.105121,0.00106112,0.00350186,0.0104011,0.00106112,
1,1.00095,0,0.000696199,0.000945455,0.000773554,-0.00142049,0.105121,-0.00106112,0.00350186,0.0104011,0.00106112,
1,0.999055,0,0.000696199,0.000945455,0.000773554,0.00208138,0.105121,0,0.00350186,0.0104011,0.000955005,
1,1,0.000773554,0.000696199,0.000850909,0.000773554,-0.00492235,0.105121,0,0.00350186,0.0104011,0.000955005,
1,1,-0.000773554,0.000696199,0.000850909,0.000773554,-0.00142049,0.115522,0,0.00315168,0.0104011,0.000955005,
1.0007,1,0,0.000696199,0.000850909,0.000696199,-0.00142049,0.0947203,0,0.00315168,0.0104011,0.000955005,
0.999304,1,0,0.000696199,0.000850909,0.000696199,-0.00142049,0.105121,0.000955005,0.00315168,0.00936097,0.000955005,
1,1.00085,0,0.000626579,0.000850909,0.000696199,-0.00142049,0.105121,-0.000955005,0.00315168,0.00936097,0.000955005,
1,0.999149,0,0.000626579,0.000850909,0.000696199,0.00173119,0.105121,0,0.00315168,0.00936097,0.000859504,
1,1,0.000696199,0.000626579,0.000765818,0.000696199,-0.00457217,0.105121,0,0.00315168,0.00936097,0.000859504,
1,1,-0.000696199,0.000626579,0.000765818,0.000696199,-0.00142049,0.114482,0,0.00283651,0.00936097,0.000859504,
1.00063,1,0,0.000626579,0.000765818,0.000626579,-0.00142049,0.0957604,0,0.00283651,0.00936097,0.000859504,
0.999373,1,0,0.000626579,0.000765818,0.000626579,-0.00142049,0.105121,0.000859504,0.00283651,0.00842487,0.000859504,
1,1.00077,0,0.000563921,0.000765818,0.000626579,-0.00142049,0.105121,-0.000859504,0.00283651,0.00842487,0.000859504,
1,0.999234,0,0.000563921,0.000765818,0.000626579,0.00141602,0.105121,0,0.00283651,0.00842487,0.000773554,
1,1,0.000626579,0.000563921,0.000689237,0.000626579,-0.004257,0.105121,0,0.00283651,0.00842487,0.000773554,
1,1,-0.000626579,0.000563921,0.000689237,0.000626579,-0.00142049,0.113546,0,0.00255286,0.00842487,0.000773554,
1.00056,1,0,0.000563921,0.000689237,0.000563921,-0.00142049,0.0966965,0,0.00255286,0.00842487,0.000773554,
0.999436,1,0,0.000563921,0.000689237,0.000563921,-0.00142049,0.105121,0.000773554,0.00255286,0.00758238,0.000773554,
1,1.00069,0,0.000507529,0.000689237,0.000563921,-0.00142049,0.105121,-0.000773554,0.00255286,0.00758238,0.000773554,
1,0.999311,0,0.000507529,0.000689237,0.000563921,0.00113237,0.105121,0,0.00255286,0.00758238,0.000696199,
1,1,0.000563921,0.000507529,0.000620313,0.000563921,-0.00397335,0.105121,0,0.00255286,0.00758238,0.000696199,
1,1,-0.000563921,0.000507529,0.000620313,0.000563921,-0.00142049,0.112704,0,0.00229757,0.00758238,0.000696199,
1.00051,1,0,0.000507529,0.000620313,0.000507529,-0.00142049,0.0975389,0,0.00229757,0.00758238,0.000696199,
0.999492,1,0,0.000507529,0.000620313,0.000507529,-0.00142049,0.105121,0.000696199,0.00229757,0.00682414,0.000696199,
1,1.00062,0,0.000456776,0.000620313,0.000507529,-0.00142049,0.105121,-0.000696199,0.00229757,0.00682414,0.000696199,
1,0.99938,0,0.000456776,0.000620313,0.000507529,0.000877086,0.105121,0,0.00229757,0.00682414,0.000626579,
1,1,0.000507529,0.000456776,0.000558282,0.000507529,-0.00371806,0.105121,0,0.00229757,0.00682414,0.000626579,
1,1,-0.000507529,0.000456776,0.000558282,0.000507529,-0.00142049,0.111945,0,0.00206782,0.00682414,0.000626579,
1.00046,1,0,0.000456776,0.000558282,0.000456776,-0.00142049,0.0982972,0,0.00206782,0.00682414,0.000626579,
0.999543,1,0,0.000456776,0.000558282,0.000456776,-0.00142049,0.105121,0.000626579,0.00206782,0.00614173,0.000626579,
1,1.00056,0,0.000411098,0.000558282,0.000456776,-0.00142049,0.105121,-0.000626579,0.00206782,0.00614173,0.000626579,
1,0.999442,0,0.000411098,0.000558282,0.000456776,0.000647329,0.105121,0,0.00206782,0.00614173,0.000563921,
1,1,0.000456776,0.000411098,0.000502453,0.000456776,-0.0034883,0.105121,0,0.00206782,0.00614173,0.000563921,
1,1,-0.000456776,0.000411098,0.000502453,0.000456776,-0.00142049,0.111263,0,0.00186103,0.00614173,0.000563921,
1.00041,1,0,0.000411098,0.000502453,0.000411098,-0.00142049,0.0989796,0,0.00186103,0.00614173,0.000563921,
0.999589,1,0,0.000411098,0.000502453,0.000411098,-0.00142049,0.105121,0.000563921,0.00186103,0.00552756,0.000563921,
1,1.0005,0,0.000369988,0.000502453,0.000411098,-0.00142049,0.105121,-0.000563921,0.00186103,0.00552756,0.000563921,
1,0.999498,0,0.000369988,0.000502453,0.000411098,0.000440547,0.105121,0,0.00186103,0.00552756,0.000507529,
1,1,0.000411098,0.000369988,0.000452208,0.000411098,-0.00328152,0.105121,0,0.00186103,0.00552756,0.000507529,
1,1,-0.000411098,0.000369988,0.000452208,0.000411098,-0.00142049,0.110649,0,0.00167493,0.00552756,0.000507529,
